Webots Project File version R2023b
perspectives: 000000ff00000000fd00000003000000000000000000000000fc0100000001fb0000001a0044006f00630075006d0065006e0074006100740069006f006e0000000000ffffffff000000000000000000000001000003a3000003acfc0200000002fb0000001400540065007800740045006400690074006f0072010000001a000002ce0000008c00fffffffb0000001a0043006f006e0073006f006c00650041006c006c0041006c006c01000002ea000000dc0000003a00ffffff0000000300000780000000dafc0100000001fb0000000e0043006f006e0073006f006c006501000000000000073f0000000000000000000003db000003ac00000001000000020000000100000008fc00000000
simulationViewPerspectives: 000000ff00000001000000020000016c000004a00100000002010000000101
sceneTreePerspectives: 000000ff000000010000000300000022000000c0000000fa0100000002010000000201
minimizedPerspectives: 000000ff00000000fd00000003000000000000000000000000fc0100000001fb0000001a0044006f00630075006d0065006e0074006100740069006f006e0000000000ffffffff000000000000000000000001000003a3000003dffc0200000002fb0000001400540065007800740045006400690074006f0072010000001a000003010000008c00fffffffb0000001a0043006f006e0073006f006c00650041006c006c0041006c006c010000031d000000dc0000003a00ffffff0000000300000780000000dafc0100000001fb0000000e0043006f006e0073006f006c006501000000000000073f0000000000000000000003db000003df00000001000000020000000100000008fc00000000
maximizedDockId: -1
centralWidgetVisible: 1
orthographicViewHeight: 1
textFiles: 1 "controllers/create_avoid_obstacles/create_avoid_obstacles.c" "controllers/New_Controller/New_Controller.py"
consoles: Console:All:All
renderingDevicePerspectives: e-puck:camera;0;1;0;0
renderingDevicePerspectives: laptop:display;0;3;0.0531987;0.0821823
renderingDevicePerspectives: television:display;0;1;0;0
